24.931
24.691276000000002
24.451552
24.211828
23.972103999999998
23.732380000000003
23.492656
23.252932
23.013208
22.773484
22.53376
22.294036
22.054312
21.814588
21.574864
21.33514
21.095416
20.855691999999998
20.615968000000002
20.376244
20.13652
19.896796000000002
19.657072
19.417347999999997
19.177624
18.937900000000003
18.698176
18.458452
18.218728
17.979004
17.739279999999997
17.499556000000002
17.259832000000003
17.020108
16.780383999999998
16.54066
16.300936
16.061212
15.821488
15.581764000000002
15.34204
15.102316
14.862592000000001
14.622868
14.383144
14.14342
13.903696
13.663972
13.424248
13.184524000000001
12.9448
12.705076000000002
12.465352000000001
12.225628
11.985904
11.74618
11.506456
11.266732
11.027008
10.787284000000001
10.54756
10.307836000000002
10.068112000000001
9.828388
9.588664000000001
9.34894
9.109216
8.869492000000001
8.629768
8.390044000000001
8.150319999999999
7.910596000000002
7.670871999999999
7.431148000000001
7.191423999999999
6.951700000000001
6.711976000000003
6.472252
6.232528000000002
5.9928040000000005
5.7530800000000015
5.513356
5.273632000000001
5.033907999999999
4.794184000000001
4.554459999999999
4.314736000000001
4.075012000000003
3.8352880000000003
3.595564000000002
3.35584
3.1161160000000017
2.8763919999999996
2.6366680000000016
2.3969439999999995
2.157220000000001
1.9174959999999992
1.677772000000001
1.4380480000000024
1.1983240000000006
0.9586000000000022
0.7188760000000002
0.47915200000000185
0.2394279999999999
-2.959999999984575E-4
-0.24002000000000043
-0.4797439999999988
-0.7194679999999971
-0.959191999999999
-1.1989159999999974
-1.4386399999999995
-1.6783639999999977
-1.9180879999999998
-2.157811999999998
-2.397536
-2.6372599999999986
-2.876984
-3.1167079999999987
-3.356431999999997
-3.5961559999999992
-3.8358799999999973
-4.075603999999999
-4.315327999999997
-4.555052
-4.794775999999998
