39.85499954223633
39.55500030517578
39.255001068115234
38.95500183105469
38.654998779296875
38.35499954223633
38.05500030517578
37.755001068115234
37.45500183105469
37.154998779296875
36.85499954223633
36.55500030517578
36.255001068115234
35.95500183105469
35.654998779296875
35.35499954223633
35.05500030517578
34.755001068115234
34.45500183105469
34.154998779296875
33.85499954223633
33.55500030517578
33.255001068115234
32.95500183105469
32.654998779296875
32.35499954223633
32.05500030517578
31.7549991607666
31.454999923706055
31.155000686645508
30.854999542236328
30.55500030517578
30.2549991607666
30.014999389648438
29.834999084472656
29.655000686645508
29.475000381469727
29.295000076293945
29.114999771118164
28.934999465942383
28.7549991607666
28.575000762939453
28.395000457763672
28.21500015258789
28.03499984741211
27.854999542236328
27.674999237060547
27.4950008392334
27.315000534057617
27.135000228881836
26.954999923706055
26.774999618530273
26.594999313354492
26.415000915527344
26.235000610351562
26.05500030517578
25.875
25.69499969482422
25.514999389648438
25.334999084472656
25.155000686645508
24.975000381469727
24.795000076293945
24.614999771118164
24.434999465942383
24.2549991607666
24.075000762939453
23.895000457763672
23.71500015258789
23.53499984741211
23.354999542236328
23.174999237060547
22.9950008392334
22.815000534057617
22.635000228881836
22.454999923706055
22.274999618530273
22.094999313354492
21.915000915527344
21.735000610351562
21.55500030517578
21.375
21.19499969482422
21.014999389648438
20.834999084472656
20.655000686645508
20.475000381469727
20.295000076293945
20.174999237060547
20.114999771118164
20.05500030517578
19.9950008392334
19.934999465942383
19.875
19.815000534057617
19.7549991607666
19.69499969482422
19.635000228881836
19.575000762939453
19.514999389648438
19.454999923706055
19.395000457763672
19.334999084472656
19.274999618530273
19.21500015258789
19.155000686645508
19.094999313354492
19.03499984741211
18.975000381469727
18.915000915527344
18.854999542236328
18.795000076293945
18.735000610351562
18.674999237060547
18.614999771118164
18.55500030517578
18.4950008392334
18.434999465942383
18.375
18.315000534057617
18.2549991607666
18.19499969482422
18.135000228881836
18.075000762939453
18.014999389648438
17.954999923706055
17.895000457763672
17.834999084472656
17.774999618530273
17.71500015258789
17.655000686645508
17.594999313354492
17.53499984741211
17.475000381469727
17.415000915527344
17.354999542236328
17.295000076293945
17.235000610351562
17.174999237060547
17.114999771118164
17.05500030517578
16.9950008392334
16.934999465942383
16.875
16.815000534057617
16.7549991607666
16.69499969482422
16.635000228881836
16.575000762939453
16.514999389648438
16.454999923706055
16.395000457763672
16.334999084472656
16.274999618530273
16.21500015258789
16.155000686645508
16.094999313354492
16.03499984741211
15.975000381469727
15.914999961853027
15.854999542236328
15.795000076293945
15.734999656677246
15.675000190734863
15.614999771118164
15.555000305175781
15.494999885559082
15.4350004196167
15.375
15.3149995803833
15.255000114440918
15.194999694824219
15.135000228881836
15.074999809265137
15.015000343322754
14.954999923706055
14.895000457763672
14.835000038146973
14.774999618530273
14.71500015258789
14.654999732971191
14.595000267028809
14.53499984741211
14.475000381469727
14.414999961853027
14.354999542236328
14.295000076293945
14.234999656677246
14.175000190734863
14.114999771118164
14.055000305175781
13.994999885559082
13.9350004196167
13.875
13.8149995803833
13.755000114440918
13.694999694824219
13.635000228881836
13.574999809265137
13.515000343322754
13.454999923706055
13.395000457763672
13.335000038146973
13.274999618530273
13.21500015258789
13.154999732971191
13.095000267028809
13.03499984741211
12.975000381469727
12.914999961853027
12.854999542236328
12.795000076293945
12.734999656677246
12.675000190734863
12.614999771118164
12.555000305175781
12.494999885559082
12.4350004196167
12.375
12.3149995803833
12.255000114440918
12.194999694824219
12.135000228881836
12.074999809265137
12.015000343322754
11.954999923706055
11.895000457763672
11.835000038146973
11.774999618530273
11.71500015258789
11.654999732971191
11.595000267028809
11.53499984741211
11.475000381469727
11.414999961853027
11.354999542236328
11.295000076293945
11.234999656677246
11.175000190734863
11.114999771118164
11.055000305175781
10.994999885559082
10.9350004196167
10.875
10.8149995803833
10.755000114440918
10.694999694824219
10.635000228881836
10.574999809265137
10.515000343322754
10.454999923706055
10.395000457763672
10.335000038146973
10.274999618530273
10.21500015258789
10.154999732971191
10.095000267028809
10.03499984741211
9.975000381469727
9.914999961853027
9.854999542236328
9.795000076293945
9.734999656677246
9.675000190734863
9.614999771118164
9.555000305175781
9.494999885559082
9.4350004196167
9.375
9.3149995803833
9.255000114440918
9.194999694824219
9.135000228881836
9.074999809265137
9.015000343322754
8.954999923706055
8.895000457763672
8.835000038146973
8.774999618530273
8.71500015258789
8.654999732971191
8.595000267028809
8.53499984741211
8.475000381469727
8.414999961853027
8.354999542236328
8.295000076293945
8.234999656677246
8.1899995803833
8.15999984741211
8.130000114440918
8.100000381469727
8.069999694824219
8.039999961853027
8.010000228881836
7.980000019073486
7.949999809265137
7.920000076293945
7.889999866485596
7.860000133514404
7.829999923706055
7.800000190734863
7.769999980926514
7.739999771118164
7.710000038146973
7.679999828338623
7.650000095367432
7.619999885559082
7.590000152587891
7.559999942779541
7.53000020980835
7.5
7.46999979019165
7.440000057220459
7.409999847412109
7.380000114440918
7.349999904632568
7.320000171661377
7.289999961853027
7.260000228881836
7.230000019073486
7.199999809265137
7.170000076293945
7.139999866485596
7.110000133514404
7.079999923706055
7.050000190734863
7.019999980926514
6.989999771118164
6.960000038146973
6.929999828338623
6.900000095367432
6.869999885559082
6.840000152587891
6.809999942779541
6.78000020980835
6.75
6.71999979019165
6.690000057220459
6.659999847412109
6.630000114440918
6.599999904632568
6.570000171661377
6.539999961853027
6.510000228881836
6.480000019073486
6.449999809265137
6.420000076293945
6.389999866485596
6.360000133514404
6.329999923706055
6.300000190734863
6.269999980926514
6.239999771118164
6.210000038146973
6.179999828338623
6.150000095367432
6.119999885559082
6.090000152587891
6.059999942779541
6.03000020980835
6.0
5.96999979019165
5.940000057220459
5.909999847412109
5.880000114440918
5.849999904632568
5.820000171661377
5.789999961853027
5.760000228881836
5.730000019073486
5.699999809265137
5.670000076293945
5.639999866485596
5.610000133514404
5.579999923706055
5.550000190734863
5.519999980926514
5.489999771118164
5.460000038146973
5.429999828338623
5.400000095367432
5.369999885559082
5.340000152587891
5.309999942779541
5.28000020980835
5.25
5.21999979019165
5.190000057220459
5.159999847412109
5.130000114440918
5.099999904632568
5.070000171661377
5.039999961853027
5.010000228881836
4.980000019073486
4.949999809265137
4.920000076293945
4.889999866485596
4.860000133514404
4.829999923706055
4.800000190734863
4.769999980926514
4.739999771118164
4.710000038146973
4.679999828338623
4.650000095367432
4.619999885559082
4.590000152587891
4.559999942779541
4.53000020980835
4.5
4.46999979019165
4.440000057220459
4.409999847412109
4.380000114440918
4.349999904632568
4.320000171661377
4.289999961853027
4.260000228881836
4.230000019073486
4.199999809265137
4.170000076293945
4.139999866485596
4.110000133514404
4.079999923706055
4.050000190734863
4.019999980926514
3.990000009536743
3.9600000381469727
3.930000066757202
3.9000000953674316
3.869999885559082
3.8399999141693115
3.809999942779541
3.7799999713897705
3.75
3.7200000286102295
3.690000057220459
3.6600000858306885
3.630000114440918
3.5999999046325684
3.569999933242798
3.5399999618530273
3.509999990463257
3.4800000190734863
3.450000047683716
3.4200000762939453
3.390000104904175
3.359999895095825
3.3299999237060547
3.299999952316284
3.2699999809265137
3.240000009536743
3.2100000381469727
3.180000066757202
3.1500000953674316
3.119999885559082
3.0899999141693115
3.059999942779541
3.0299999713897705
3.0
2.9700000286102295
2.940000057220459
2.9100000858306885
2.880000114440918
2.8499999046325684
2.819999933242798
2.7899999618530273
2.759999990463257
2.7300000190734863
2.700000047683716
2.6700000762939453
2.640000104904175
2.609999895095825
2.5799999237060547
2.549999952316284
2.5199999809265137
2.490000009536743
2.4600000381469727
2.430000066757202
2.4000000953674316
2.369999885559082
2.3399999141693115
2.309999942779541
2.2799999713897705
2.25
2.2200000286102295
2.190000057220459
2.1600000858306885
2.130000114440918
2.0999999046325684
2.069999933242798
2.0399999618530273
2.009999990463257
1.9800000190734863
1.9500000476837158
1.9199999570846558
1.8899999856948853
1.8600000143051147
1.8300000429153442
1.7999999523162842
1.7699999809265137
1.7400000095367432
1.7100000381469727
1.6799999475479126
1.649999976158142
1.6200000047683716
1.590000033378601
1.559999942779541
1.5299999713897705
1.5
1.4700000286102295
1.440000057220459
1.409999966621399
1.3799999952316284
1.350000023841858
1.3200000524520874
1.2899999618530273
1.2599999904632568
1.2300000190734863
1.2000000476837158
1.1699999570846558
1.1399999856948853
1.1100000143051147
1.0800000429153442
1.0499999523162842
1.0199999809265137
0.9900000095367432
0.9599999785423279
0.9300000071525574
0.8999999761581421
0.8700000047683716
0.8399999737739563
0.8100000023841858
0.7799999713897705
0.75
0.7200000286102295
0.6899999976158142
0.6600000262260437
0.6299999952316284
0.6000000238418579
0.5699999928474426
0.5400000214576721
0.5099999904632568
0.47999998927116394
0.44999998807907104
0.41999998688697815
0.38999998569488525
0.36000001430511475
0.33000001311302185
0.30000001192092896
0.27000001072883606
0.23999999463558197
0.20999999344348907
0.18000000715255737
0.15000000596046448
0.11999999731779099
0.09000000357627869
0.05999999865889549
0.029999999329447746
0.0
-0.029999999329447746
-0.05999999865889549
-0.09000000357627869
-0.11999999731779099
-0.15000000596046448
-0.18000000715255737
-0.20999999344348907
-0.23999999463558197
-0.27000001072883606
-0.30000001192092896
-0.33000001311302185
-0.36000001430511475
-0.38999998569488525
-0.41999998688697815
-0.44999998807907104
-0.47999998927116394
-0.6449999809265137
-0.9449999928474426
-1.2450000047683716
-1.5449999570846558
-1.8450000286102295
