3.508555455
3.099484545
2.531782273
2.438383182
1.961099364
1.7063175
1.569657545
1.322889545
1.142277727
1.077953177
0.800049682
0.876050536
0.701618409
0.565186823
0.569537864
0.275841309
0.370152345
0.380223505
0.077831205
0.198924932
0.181527968
0.1794673
0.037542732
0.115143214
0.010073068
0.107819586
-0.035024214
-0.049675259
-0.004807391
0.047613395
0.034106465
0.025410356
0.0061824
-0.043036977
0.01121557
-0.034336741
0.118118002
-0.009156191
0.077829811
0.00915565
-0.015337395
0.068673847
0.147191482
-0.017169127
0.086072409
0.075312836
-0.051274795
-0.024037118
0.109650082
-0.026555418
0.077600936
-0.045096341
-0.064554035
0.043952018
0.034794595
-0.097974194
0.019457286
-0.038456623
0.088818273
0.022891814
0.007554107
0.023119555
0.115829445
0.076685523
0.089505018
0.037312918
0.058142618
0.074397386
0.187250918
0.094081959
0.199155927
0.102323727
0.131853627
0.217009516
0.4054063
0.332154082
0.274695936
0.396249141
0.558776932
0.439741818
0.5809832
0.767090264
0.854076345
0.872847073
1.084362409
1.037892909
1.304805182
1.373022045
1.659391591
2.038241636
2.055641864
2.454177727
2.684237727
3.065836818
3.343965909
3.796067273
