-18.77157273
-17.53705
-16.46778636
-15.41112273
-14.50852273
-13.70984545
-12.84065909
-12.08272727
-11.4246
-10.69414136
-10.15940727
-9.331882727
-8.789584545
-8.220505
-7.692630909
-7.182383636
-6.626582273
-6.114044091
-5.768842273
-5.281256364
-4.869445
-4.536374545
-4.106705
-3.804768182
-3.444229545
-3.163580909
-2.889115
-2.602285909
-2.269674091
-2.027485455
-1.844125909
-1.624367273
-1.422240864
-1.249408682
-1.066963909
-0.849267045
-0.769607409
-0.727258
-0.518716364
-0.434477391
-0.273092745
-0.215408482
-0.127275705
-0.079662077
0.01075875
-0.033879445
0.040975262
-0.0070955
0.087903059
-0.062491089
-0.056769725
-0.052420265
-0.122239014
-0.214947861
-0.249972395
-0.412730655
-0.429211677
-0.512536518
-0.583727864
-0.805773045
-0.922519545
-1.111143773
-1.243456682
-1.520899091
-1.683199545
-1.788728182
-2.157737727
-2.300347273
-2.566576818
-2.953669545
-3.188532727
-3.49734
-3.809115455
-4.127307727
-4.563615
-5.007935909
-5.3378
-5.83294
-6.215452727
-6.704410909
-7.261130909
-7.716206364
-8.158469091
-8.876797727
-9.507454545
-10.20014636
-10.86078636
-11.62672273
-12.2883
-13.14946818
-14.08068636
-15.05539545
-16.04911364
-17.09387727
-18.25628636
-19.57736364
