-15.55435
-14.76688182
-13.84162727
-13.12307273
-12.35643182
-11.70929091
-11.10977273
-10.45232455
-9.894692727
-9.284642727
-8.763410455
-8.302150909
-7.749094545
-7.3121
-6.881973182
-6.481829091
-5.913669545
-5.606468636
-5.255084545
-4.872344091
-4.476324091
-4.024905
-3.794392727
-3.505501818
-3.144505
-2.911472727
-2.637690909
-2.391380455
-2.138430455
-1.903794545
-1.657026818
-1.546689545
-1.400186773
-1.152503727
-1.010805227
-0.924275227
-0.740459455
-0.563737318
-0.398918673
-0.413112136
-0.274162064
-0.191296495
-0.139332786
-0.121475714
-0.028079436
-0.04776742
0.036016427
0.011750136
0.007400687
0.056845419
0.030979614
-0.050513441
-0.067453345
-0.168632332
-0.176416427
-0.337114409
-0.377172773
-0.546568291
-0.609290636
-0.8034085
-1.000961682
-1.101683091
-1.125260773
-1.385304091
-1.616050909
-1.838326364
-2.084180455
-2.234117727
-2.487065909
-2.748713636
-2.966867727
-3.319853182
-3.538922727
-3.922353636
-4.189036364
-4.571552273
-4.969400455
-5.361074091
-5.704902273
-6.183787273
-6.593996818
-7.027101818
-7.432050909
-7.984187727
-8.405389091
-8.965085455
-9.530728636
-10.16595318
-10.80233182
-11.32954091
-12.03046364
-12.82502273
-13.49687273
-14.16965909
-15.14596818
-15.89108636
