-10.00266909
-9.703247273
-9.293041818
-8.878249545
-8.380363182
-8.186702273
-7.715370455
-7.371541818
-6.982846818
-6.715248182
-6.324263636
-5.947472273
-5.477742727
-5.339475909
-5.001145
-4.63992
-4.356296364
-4.139516364
-3.876263636
-3.598135909
-3.342210455
-3.132297727
-2.795336364
-2.492713182
-2.383063182
-2.125993182
-1.970104545
-1.887237727
-1.635435
-1.554855636
-1.311978045
-1.258412818
-0.995852636
-0.967463591
-0.775635864
-0.583575136
-0.564575655
-0.454926977
-0.361530624
-0.300181248
-0.117967714
-0.119796778
-0.04792025
0.023043595
0.096525107
-0.015185965
0.013200902
0.001985114
0.131777041
-0.019075536
-0.007173682
0.025790855
-0.028462432
-0.131244286
-0.154592973
-0.117279745
-0.388313241
-0.439360105
-0.470952045
-0.6284435
-0.606011136
-0.789598773
-0.747706591
-1.107102227
-1.265509818
-1.318616636
-1.532422727
-1.763853636
-1.968045
-2.074030909
-2.284173182
-2.464100909
-2.76947
-2.960613182
-3.188836364
-3.501305
-3.676193636
-4.016129545
-4.167672273
-4.416730909
-4.740641818
-5.07852
-5.371068636
-5.745340909
-5.871701818
-6.304347727
-6.674958636
-6.970714091
-7.343156818
-7.743524545
-8.147785909
-8.506948636
-8.886022273
-9.203767273
-9.572312727
-9.915688636
